1.69491525423728848e-02,5.69463146606441657e-03,9.47043954020631434e-03,-2.89564429953530732e-03,5.82870484185652057e-04,4.81648212888383716e-03,-2.97966367468332279e-04,-4.84817711580916983e-04,-1.11928117789234036e-03,1.39702623444267382e-03,5.14335119836575178e-03,7.17981104598371545e-03,5.55686515863140860e-03,7.94680274431195624e-04,2.48346405983229353e-03,2.99580102523762425e-03,4.72099002127967116e-03,1.25691240960226509e-03,3.06107217630593401e-03,-1.62649062722499652e-03,-5.61500224561873695e-04,1.15350188404924974e-03,8.57159152817358401e-04,7.84716705696658959e-04,6.40125520278764151e-04,-7.41316586691409432e-04,-3.87467550948873219e-03,-4.13556923077823633e-03,-3.18245885795557203e-03,-6.42778884052816403e-04,-7.62170876157319062e-04,8.52602599001700610e-04,-4.08673088769596817e-03,3.78539910289057892e-03,-2.15215709635892656e-04,4.33526203640234586e-03,-1.17299636711908051e-03,-4.70832745860635341e-03,-1.91906169794398397e-03,-8.70839943982677821e-04
5.69463146606441657e-03,1.69491525423728778e-02,5.77144226130445800e-03,-6.10971817465011022e-04,7.67329441462620446e-04,-3.91805044715808765e-03,3.21112365325936129e-03,-2.22261954218924609e-03,-1.20599338527682394e-03,-3.93621023377361580e-03,8.53927034542397573e-03,5.97281683131719449e-03,1.97247940316330880e-03,-2.49349952218209502e-04,7.37811190146310959e-03,1.50178304237429984e-03,7.17041117886297805e-03,7.56806221201871375e-03,2.36456336136741502e-04,-2.33207676850248017e-03,-7.35615741544540843e-04,1.45484672201315573e-03,8.96112300656859884e-04,-2.25543664356452327e-03,2.85340068558730640e-03,-2.21946376916291139e-03,7.71575591928922745e-05,-2.44812304684292664e-03,-1.07127756527120748e-03,-3.87772756363266883e-03,1.97461108750560240e-03,-1.68966299645919422e-03,-5.44446582279403294e-05,3.67814304349035458e-03,6.24873518726701423e-04,1.16777996975750135e-04,2.00993425778412099e-03,-1.94923303097773479e-03,3.28490128334644853e-03,1.64268802840532822e-03
9.47043954020631434e-03,5.77144226130445800e-03,1.69491525423728813e-02,-2.26279221106731251e-03,-8.01941441891266225e-04,4.44081389273337599e-03,-1.12612067985447717e-03,5.52712804762885580e-04,-2.03764799793742764e-03,9.29123111864499666e-04,3.56412432644525549e-03,8.94611292717390275e-03,4.84819780511348570e-03,-4.00055021890420234e-03,6.92576618549711428e-04,2.27561594855722315e-03,2.40524493679681326e-03,6.89456858448560467e-04,1.45253794113246498e-03,-1.39012371224143364e-03,9.66614530488006250e-04,3.55878570077280574e-03,-3.89418285649069005e-04,2.48125410211467794e-05,3.44098668067996426e-03,-8.41182968862487523e-04,-4.33668269922348436e-03,-3.12372639939132541e-03,-1.59710087023830888e-03,1.61019565468721484e-03,-1.47774832072821653e-04,2.71791089895237101e-04,-4.08990898789116618e-03,2.14927003151693273e-03,-3.05159553075503567e-03,4.98747805616857852e-03,1.24261307120049629e-03,-1.50973364311541409e-03,1.75326556361610447e-03,4.42655166286849060e-04
-2.89564429953530732e-03,-6.10971817465011022e-04,-2.26279221106731251e-03,1.69491525423728848e-02,2.01682818924857040e-03,-2.92562936085703513e-03,-6.78299339634190718e-05,-2.38718585149713203e-04,1.31725587750687167e-04,-1.95565127563463630e-03,-4.54658679419066834e-04,-4.12826349914146087e-03,3.40908575632249477e-05,-4.31625251517804781e-04,-1.71938624379640932e-04,-2.83168575955972807e-03,-1.61691699070238296e-04,-3.67937316611519592e-03,-4.39087310151185935e-04,2.44454338291017837e-03,5.17881107967091753e-05,-3.45007583652024797e-03,-1.15934606839702449e-03,-5.47368665153208345e-04,-2.46773568445456820e-04,3.25109110668013717e-03,2.98844260787150661e-03,1.78908143005462547e-03,-1.40456329773699473e-03,5.84003319718957772e-03,-4.27568402626678657e-04,6.00425237699804635e-04,-1.62086618239301703e-03,3.19552458351410719e-04,-3.44174338377242154e-03,-2.31669112535726760e-03,2.62100809686672013e-03,2.40396054831990610e-03,-2.21786941341185111e-03,-1.17261967365354849e-03
5.82870484185652057e-04,7.67329441462620446e-04,-8.01941441891266225e-04,2.01682818924857040e-03,1.69491525423728709e-02,-4.15411192631434049e-04,1.25784370109359727e-03,3.54232761924175776e-03,-2.23652954034630948e-03,-4.35157193883189703e-04,-3.52933506751071000e-04,6.75386547654781131e-05,2.24275469479125840e-03,3.00110639569322983e-03,7.03076480078415893e-04,-2.78176962674288970e-03,1.62048142320340787e-03,-2.54574411291943505e-03,-7.26280390081575486e-04,1.05134073612265545e-03,-4.48671077698386146e-03,2.00174759311335000e-03,-7.28810596782475091e-04,1.77782001923584192e-03,-4.59379085278068498e-03,-3.40049527033961909e-03,4.70661179156226742e-03,1.00156816824371929e-03,5.41889615596359087e-04,1.62210095376994780e-03,1.30108823908098542e-03,1.74695896566910681e-03,8.50593773655454986e-04,1.08696737027202017e-03,4.10939167978902683e-04,-2.60636684490957312e-04,1.29684724031781887e-03,-8.96907788198749280e-04,-2.00141860597038675e-03,-5.13798322541230562e-03
4.81648212888383716e-03,-3.91805044715808765e-03,4.44081389273337599e-03,-2.92562936085703513e-03,-4.15411192631434049e-04,1.69491525423728813e-02,1.70904648190965095e-03,1.59870314664546328e-03,-2.63856561606054876e-03,9.91274509832439419e-05,1.07060224693423145e-03,3.63897022540732177e-03,3.31848370031367869e-03,-2.85688918131891869e-03,5.68547568610899660e-04,-2.33750825190651585e-04,-8.05151855836833629e-04,5.98173365260106795e-04,2.56508268101875549e-03,2.27754626494280026e-04,-1.56003947469028257e-03,-1.11808926996511196e-03,3.00842498146911084e-03,2.94221209745768953e-03,2.33063802591971635e-03,-1.14789391201717455e-03,-2.30357011031887471e-03,8.53427759667705179e-04,1.22582974516182645e-03,7.87316800167195126e-04,1.02074243535150034e-03,-2.75034106797188843e-03,6.19788596677788147e-04,-8.72242695263103344e-04,3.35090264358070067e-03,7.75904532553841416e-04,-2.74133026602496306e-03,-2.00085443790937482e-03,-6.08023126006592817e-03,-4.70968989158837407e-04
-2.97966367468332279e-04,3.21112365325936129e-03,-1.12612067985447717e-03,-6.78299339634190718e-05,1.25784370109359727e-03,1.70904648190965095e-03,1.69491525423728813e-02,-3.71165216107596947e-04,-1.96310300114084036e-03,1.73096937268766606e-03,5.28705823234491658e-05,-2.86303225590942478e-04,1.40755386044231720e-03,4.31128507744100910e-03,6.96699158229381968e-05,1.19971001395576590e-03,-1.36711475616958507e-03,-8.02065473912686789e-04,7.05117964147462719e-04,2.86484051641439595e-04,-7.38429229369182583e-03,3.60748184668235709e-03,2.28035191468999639e-03,-5.70623493157124541e-04,-2.98307416753750606e-03,1.09972383326946898e-03,-2.35881577171331115e-04,-3.97614092281689188e-03,4.77353251328534525e-03,-2.29675510426767104e-03,-1.65958016138210979e-04,-4.03138842338205631e-03,1.57203204957805163e-03,2.56686305875070435e-03,2.81020452285054125e-03,-1.56532306443530125e-03,2.52777124717917237e-03,1.56441690787991416e-03,-1.97871926224014267e-03,-3.27496128793431165e-03
-4.84817711580916983e-04,-2.22261954218924609e-03,5.52712804762885580e-04,-2.38718585149713203e-04,3.54232761924175776e-03,1.59870314664546328e-03,-3.71165216107596947e-04,1.69491525423728744e-02,-2.74603636277560587e-03,-7.32604256030245813e-04,-7.06983522152059007e-04,3.95659445861883412e-04,-2.92780597505295885e-03,-3.03054284184889246e-03,-1.68742883311038139e-03,-5.37814184376234246e-03,-1.92423279476579105e-03,-4.99691433075686664e-04,-2.85690885024428125e-03,-1.67569151173334384e-03,-1.46376574574354689e-03,-1.21270498702995126e-03,-1.04066144730904594e-03,-1.17251607183857759e-03,-1.15349063068420307e-03,-5.17452292339727247e-04,2.62331236344838774e-03,1.05135319819997237e-03,-3.35292743289955378e-03,2.53089729589597509e-03,6.26157478350282794e-04,-1.37286886877952940e-03,6.95530355220906594e-04,3.85295935216823705e-04,-2.51581227711789035e-03,1.87048045054850551e-03,4.71118082778576662e-04,2.80033952610090264e-03,-1.23393142663408718e-03,-1.74838539486996927e-03
-1.11928117789234036e-03,-1.20599338527682394e-03,-2.03764799793742764e-03,1.31725587750687167e-04,-2.23652954034630948e-03,-2.63856561606054876e-03,-1.96310300114084036e-03,-2.74603636277560587e-03,1.69491525423728848e-02,-1.80642880979469300e-03,9.17993954963004566e-05,-1.17386713566915136e-03,-3.56425454855931016e-03,-5.76083550260288201e-04,-3.49460018456269027e-03,-3.46784734832176979e-04,-5.57119855631038274e-05,9.88276064742740420e-04,2.84419580367479457e-03,6.39077663275783845e-04,2.14368089553691049e-03,-2.02096569652738395e-03,6.05041012668262879e-04,-1.10325416484270884e-03,1.57676937895317808e-03,3.15484372224564096e-03,4.43963779343040208e-04,-2.62253258815062663e-03,4.83071640168293819e-04,-9.53660448685864992e-04,-3.90686282561952987e-03,1.02395784454021536e-03,9.84632062217789122e-04,-3.07787485082408824e-03,1.08904456828423646e-03,1.10746513526023809e-03,1.24684162022463689e-03,-3.17108018753953528e-03,2.48363016453516210e-03,1.20942037165227108e-04
1.39702623444267382e-03,-3.93621023377361580e-03,9.29123111864499666e-04,-1.95565127563463630e-03,-4.35157193883189703e-04,9.91274509832439419e-05,1.73096937268766606e-03,-7.32604256030245813e-04,-1.80642880979469300e-03,1.69491525423728848e-02,7.64597618783919826e-04,-3.84130210706865960e-04,-8.18378563429165116e-04,7.46889782947647183e-04,-2.50504927101205142e-03,-5.38647798451360430e-04,-5.23096160333455431e-03,-1.64822168999713523e-03,-9.49071475806878171e-04,-3.83721022280100613e-03,-1.19995965259672246e-04,1.50673228085143563e-03,-7.07252721908828517e-04,-1.27290825157687902e-03,-2.36931630267064831e-03,7.29375687175924767e-04,1.54545533832967140e-03,1.85144765225350033e-04,2.08791297691198656e-03,-2.69181755292160910e-04,-2.51073758950986917e-03,2.17569798321922856e-03,-3.55273751606389847e-03,-1.77405117104161860e-03,1.01033446536313637e-03,2.64914972661483205e-03,3.99601740198897589e-04,1.69603844341169817e-03,-1.73131308662888826e-03,-1.49152457666283157e-03
5.14335119836575178e-03,8.53927034542397573e-03,3.56412432644525549e-03,-4.54658679419066834e-04,-3.52933506751071000e-04,1.07060224693423145e-03,5.28705823234491658e-05,-7.06983522152059007e-04,9.17993954963004566e-05,7.64597618783919826e-04,1.69491525423728848e-02,6.91399999202278303e-03,2.36055192967901542e-03,-4.82159585242599494e-03,9.46100645945767947e-03,-4.65250466414774701e-04,9.17526562608414649e-03,1.15503987680265069e-02,7.50659302784005642e-04,-2.56249300716454272e-03,-8.46771658481213418e-04,-6.33564309453406456e-04,-4.91110916528484168e-03,-3.41012521448072871e-03,2.63943765213452315e-03,-5.42876591170025013e-04,7.92058089456316051e-04,1.16350455820687340e-03,-2.61025733714294577e-04,-5.36735014582611259e-04,2.97937631379432835e-03,-2.36143368156917482e-03,-2.34130328974679186e-04,1.77446916460223471e-03,-1.24228070636924750e-03,5.15566137469902937e-04,5.45027281450559918e-04,-3.88651872153532221e-03,1.93739478840259868e-03,2.34827828974292071e-03
7.17981104598371545e-03,5.97281683131719449e-03,8.94611292717390275e-03,-4.12826349914146087e-03,6.75386547654781131e-05,3.63897022540732177e-03,-2.86303225590942478e-04,3.95659445861883412e-04,-1.17386713566915136e-03,-3.84130210706865960e-04,6.91399999202278303e-03,1.69491525423728744e-02,8.92845100301489433e-03,-1.13068710248526204e-03,4.40548591713222151e-03,1.10006378045901846e-03,5.07767106827797070e-03,5.52024187830457268e-03,2.76107429720211456e-03,-1.26898323106399585e-03,-2.55391488825069653e-03,1.58949320887438218e-03,-2.22497304764059187e-03,-4.63945060368876135e-04,4.01134525198029723e-03,2.52122768739932519e-04,-2.49783372245745375e-03,-2.65194788458818101e-04,-1.38171537330570335e-03,4.85711132359874524e-04,2.34275620171291339e-03,-3.54843267429012007e-03,-1.16417076887075977e-03,3.52791464247731966e-03,-1.59173404083244791e-03,4.01713705206591110e-03,-5.43113323998355504e-04,-3.23143612148492050e-03,2.59688371452442782e-03,-8.57723077146941952e-04
5.55686515863140860e-03,1.97247940316330880e-03,4.84819780511348570e-03,3.40908575632249477e-05,2.24275469479125840e-03,3.31848370031367869e-03,1.40755386044231720e-03,-2.92780597505295885e-03,-3.56425454855931016e-03,-8.18378563429165116e-04,2.36055192967901542e-03,8.92845100301489433e-03,1.69491525423728882e-02,2.02943790738645009e-03,3.41409672411844807e-03,2.93720474804787853e-03,2.85245633991752876e-03,1.01098001292037251e-04,1.14343333048195529e-03,1.63509339030275231e-04,-4.89790090139292922e-03,1.83639779726364229e-03,1.78923408972438429e-04,-7.60085553377224006e-04,5.49799906984692116e-04,2.04687020097759752e-03,1.17061312183827106e-03,1.42332366512639211e-03,-9.23569872419500526e-04,2.97257561957792031e-04,4.42251298704303755e-03,-2.41668591918592921e-03,-3.73055674142928721e-03,2.47292293902925790e-04,-2.18349592897305921e-03,2.89270346708226777e-03,-4.70421061044604388e-03,-9.12024675282977967e-04,-2.40072053386256945e-03,-2.39914988346684932e-03
7.94680274431195624e-04,-2.49349952218209502e-04,-4.00055021890420234e-03,-4.31625251517804781e-04,3.00110639569322983e-03,-2.85688918131891869e-03,4.31128507744100910e-03,-3.03054284184889246e-03,-5.76083550260288201e-04,7.46889782947647183e-04,-4.82159585242599494e-03,-1.13068710248526204e-03,2.02943790738645009e-03,1.69491525423728778e-02,-2.43373516012324780e-03,-2.41743162258195262e-04,-1.88125375050415540e-03,-4.02888446608679757e-03,-2.84482506947816936e-03,4.93140248577026027e-04,-3.71405477903039580e-03,4.67740368335887915e-03,1.86626441378279673e-03,2.13518515285550294e-03,-1.96801796199204057e-03,1.90104401140469875e-03,-1.50940890423489297e-03,-1.55625162052211593e-03,2.46461231007180127e-03,-2.34594805866607291e-03,3.75824390072714660e-03,5.87815796606089682e-04,1.80108322186834182e-03,2.71475183718757236e-03,1.51628310151591546e-03,1.82881995480290783e-04,1.65964797089546167e-04,-3.04750170844183968e-03,-5.31640300601588000e-04,-3.99753555991187465e-03
2.48346405983229353e-03,7.37811190146310959e-03,6.92576618549711428e-04,-1.71938624379640932e-04,7.03076480078415893e-04,5.68547568610899660e-04,6.96699158229381968e-05,-1.68742883311038139e-03,-3.49460018456269027e-03,-2.50504927101205142e-03,9.46100645945767947e-03,4.40548591713222151e-03,3.41409672411844807e-03,-2.43373516012324780e-03,1.69491525423728813e-02,4.01675196037249631e-04,1.04762184144387687e-02,8.77904558702280284e-03,1.83287110111861502e-03,1.40463027039158610e-03,-1.14856562573498753e-03,-3.07553278141260581e-03,6.97560243770095400e-05,-3.44001791523134955e-03,1.55031316091999065e-03,-3.50907300684585909e-03,3.52341631299500624e-04,3.07683048676932842e-03,-1.45108435709094259e-03,8.26799970658081821e-04,2.95076474013871619e-03,-7.24124520123107921e-04,-1.10084453111101142e-03,2.30404324372547164e-03,9.38459791260676116e-04,-4.11575744387557112e-03,-6.59558628580506632e-04,-2.27314361711615639e-03,4.70517693946881452e-03,-2.97877585028527569e-04
2.99580102523762425e-03,1.50178304237429984e-03,2.27561594855722315e-03,-2.83168575955972807e-03,-2.78176962674288970e-03,-2.33750825190651585e-04,1.19971001395576590e-03,-5.37814184376234246e-03,-3.46784734832176979e-04,-5.38647798451360430e-04,-4.65250466414774701e-04,1.10006378045901846e-03,2.93720474804787853e-03,-2.41743162258195262e-04,4.01675196037249631e-04,1.69491525423728848e-02,7.52900134405547487e-04,-4.09390199651906534e-04,-6.24249197345017178e-04,-2.09501204688999920e-04,1.88584802486052843e-03,2.87174154097544774e-03,-2.27760913647238926e-03,-2.07015828198911072e-04,-1.88624078370774298e-03,-9.56242361912472590e-04,-1.35304529423694014e-03,-2.51834158978806073e-03,-1.05534489382704466e-03,1.50082877508278637e-04,8.08901983877422350e-04,-2.74089859309311571e-04,-3.93119114622157012e-03,-4.98272374633743531e-04,1.26794935625094149e-03,-1.46233317219200101e-03,-1.51898792478556916e-03,1.50355703506189369e-03,1.85723847793001304e-03,3.42836471170750211e-03
4.72099002127967116e-03,7.17041117886297805e-03,2.40524493679681326e-03,-1.61691699070238296e-04,1.62048142320340787e-03,-8.05151855836833629e-04,-1.36711475616958507e-03,-1.92423279476579105e-03,-5.57119855631038274e-05,-5.23096160333455431e-03,9.17526562608414649e-03,5.07767106827797070e-03,2.85245633991752876e-03,-1.88125375050415540e-03,1.04762184144387687e-02,7.52900134405547487e-04,1.69491525423728744e-02,6.87382046011952418e-03,2.72184698698532809e-03,3.69337723949607517e-03,-1.13850355170104587e-03,-9.35822487123029304e-04,-1.07852607808544632e-03,-1.20307678155209558e-03,-5.19728376907445665e-05,-6.32231558070448060e-04,5.77803303530932699e-04,3.83402015334076212e-04,-2.24097626020563828e-03,1.10672800782438520e-03,2.72441062647775251e-03,-1.41485465746805537e-03,-7.40162072979629707e-06,2.88771261024135632e-03,8.10608428976351933e-04,6.54789329790740637e-04,-1.22657070016292673e-03,-3.27040001941048637e-03,3.35330108340158549e-03,1.16959449030436735e-03
1.25691240960226509e-03,7.56806221201871375e-03,6.89456858448560467e-04,-3.67937316611519592e-03,-2.54574411291943505e-03,5.98173365260106795e-04,-8.02065473912686789e-04,-4.99691433075686664e-04,9.88276064742740420e-04,-1.64822168999713523e-03,1.15503987680265069e-02,5.52024187830457268e-03,1.01098001292037251e-04,-4.02888446608679757e-03,8.77904558702280284e-03,-4.09390199651906534e-04,6.87382046011952418e-03,1.69491525423728848e-02,-2.59037919350441309e-04,-2.18337078084638063e-03,8.03964100845336424e-04,-2.77975487386319161e-03,-7.52782478469855333e-04,-4.06380764987032770e-03,6.43587659063906293e-03,6.27235844858329856e-04,1.18608133523127803e-04,1.40056138755125328e-03,5.77185303656243295e-04,-2.03435999751661826e-03,3.58890820093448653e-03,-4.03113185339070822e-03,1.12402742798400446e-03,3.35818900381894682e-04,6.14339938775099637e-04,-1.13019506698774658e-03,-3.06735579176675298e-04,-4.24644032586686971e-03,5.23347687737027705e-03,3.52418315630139735e-03
3.06107217630593401e-03,2.36456336136741502e-04,1.45253794113246498e-03,-4.39087310151185935e-04,-7.26280390081575486e-04,2.56508268101875549e-03,7.05117964147462719e-04,-2.85690885024428125e-03,2.84419580367479457e-03,-9.49071475806878171e-04,7.50659302784005642e-04,2.76107429720211456e-03,1.14343333048195529e-03,-2.84482506947816936e-03,1.83287110111861502e-03,-6.24249197345017178e-04,2.72184698698532809e-03,-2.59037919350441309e-04,1.69491525423728848e-02,3.16698863947811448e-03,3.58417870605178381e-03,-2.52018556776446986e-03,1.92734010098832668e-03,1.51007788857160092e-03,2.30167855165522523e-04,-1.85299092955872508e-04,-2.60994705832044921e-03,1.90271643331687374e-03,3.88380989746880717e-04,1.77614156395094748e-04,-1.45377438049870927e-03,6.25296201964202101e-04,2.15926683247286350e-04,-2.02822792708026072e-03,-6.87667499655606916e-04,1.00523367139359991e-03,1.42872629490112539e-03,-3.76830618137937801e-03,-3.15177249198203124e-04,-6.92162097172676120e-04
-1.62649062722499652e-03,-2.33207676850248017e-03,-1.39012371224143364e-03,2.44454338291017837e-03,1.05134073612265545e-03,2.27754626494280026e-04,2.86484051641439595e-04,-1.67569151173334384e-03,6.39077663275783845e-04,-3.83721022280100613e-03,-2.56249300716454272e-03,-1.26898323106399585e-03,1.63509339030275231e-04,4.93140248577026027e-04,1.40463027039158610e-03,-2.09501204688999920e-04,3.69337723949607517e-03,-2.18337078084638063e-03,3.16698863947811448e-03,1.69491525423728778e-02,2.22125669282537781e-03,-1.35605995725407782e-03,-9.46597727178312008e-04,7.68486072144870780e-04,-1.29616980100398429e-03,-1.92331469033401301e-03,-1.35626595530613319e-03,-2.20755784206276058e-04,8.33105052289620008e-04,3.00817091915250075e-03,2.91655811377041808e-03,2.95135741018858833e-03,5.08342394736573545e-03,1.84246942382912480e-03,5.74322412862375941e-05,-2.91254925715713885e-03,-3.12545754135438027e-04,-4.10927557635911301e-04,6.86947170714847458e-04,1.42105102978270169e-03
-5.61500224561873695e-04,-7.35615741544540843e-04,9.66614530488006250e-04,5.17881107967091753e-05,-4.48671077698386146e-03,-1.56003947469028257e-03,-7.38429229369182583e-03,-1.46376574574354689e-03,2.14368089553691049e-03,-1.19995965259672246e-04,-8.46771658481213418e-04,-2.55391488825069653e-03,-4.89790090139292922e-03,-3.71405477903039580e-03,-1.14856562573498753e-03,1.88584802486052843e-03,-1.13850355170104587e-03,8.03964100845336424e-04,3.58417870605178381e-03,2.22125669282537781e-03,1.69491525423728848e-02,-2.63693194952012346e-03,-1.73211682005235883e-03,-2.69219547528003244e-03,1.77614610346682206e-03,1.98277711666856860e-04,-2.48043318332927731e-03,-1.05680025846030599e-03,-9.10934978585879501e-04,2.65570688600929271e-03,-2.05860932060749572e-03,4.83945385421214944e-03,2.53788127712648460e-03,-3.65794115925204303e-03,1.46903900845396073e-03,-3.87894962684493221e-04,6.33875934293108670e-05,-2.62369106164345818e-03,4.66060571917332328e-03,5.31666161510184910e-03
1.15350188404924974e-03,1.45484672201315573e-03,3.55878570077280574e-03,-3.45007583652024797e-03,2.00174759311335000e-03,-1.11808926996511196e-03,3.60748184668235709e-03,-1.21270498702995126e-03,-2.02096569652738395e-03,1.50673228085143563e-03,-6.33564309453406456e-04,1.58949320887438218e-03,1.83639779726364229e-03,4.67740368335887915e-03,-3.07553278141260581e-03,2.87174154097544774e-03,-9.35822487123029304e-04,-2.77975487386319161e-03,-2.52018556776446986e-03,-1.35605995725407782e-03,-2.63693194952012346e-03,1.69491525423728813e-02,-1.14604690668446054e-03,1.82624375642517978e-04,-1.96881866098729073e-03,-1.22650502049697751e-03,-2.40537875639864262e-03,-1.40337724797247169e-03,2.26158627144842569e-03,-2.22892973282044684e-03,6.53796307564417510e-04,2.64119061478675695e-03,6.12266474086680702e-04,-2.79149476669166058e-06,-1.75072172536921999e-03,2.81975720231370268e-03,-1.42038688407940229e-04,-1.94890071623563064e-03,-2.25830473097906204e-03,-7.76440873032798540e-06
8.57159152817358401e-04,8.96112300656859884e-04,-3.89418285649069005e-04,-1.15934606839702449e-03,-7.28810596782475091e-04,3.00842498146911084e-03,2.28035191468999639e-03,-1.04066144730904594e-03,6.05041012668262879e-04,-7.07252721908828517e-04,-4.91110916528484168e-03,-2.22497304764059187e-03,1.78923408972438429e-04,1.86626441378279673e-03,6.97560243770095400e-05,-2.27760913647238926e-03,-1.07852607808544632e-03,-7.52782478469855333e-04,1.92734010098832668e-03,-9.46597727178312008e-04,-1.73211682005235883e-03,-1.14604690668446054e-03,1.69491525423728848e-02,2.24515989335512083e-03,1.78361076171923254e-03,-8.65495638985625784e-04,1.76892697732268365e-04,-8.68628508713458164e-04,1.21237230406166297e-03,-1.12495032940075623e-03,-9.78735881723688311e-04,5.34632518245236059e-04,2.71637364693720195e-03,-1.48950928873137797e-03,2.21651772224893198e-03,6.91295812066106932e-04,1.77957463698499179e-03,1.61794450251646145e-03,1.77660242236486163e-04,-2.15652821916693764e-03
7.84716705696658959e-04,-2.25543664356452327e-03,2.48125410211467794e-05,-5.47368665153208345e-04,1.77782001923584192e-03,2.94221209745768953e-03,-5.70623493157124541e-04,-1.17251607183857759e-03,-1.10325416484270884e-03,-1.27290825157687902e-03,-3.41012521448072871e-03,-4.63945060368876135e-04,-7.60085553377224006e-04,2.13518515285550294e-03,-3.44001791523134955e-03,-2.07015828198911072e-04,-1.20307678155209558e-03,-4.06380764987032770e-03,1.51007788857160092e-03,7.68486072144870780e-04,-2.69219547528003244e-03,1.82624375642517978e-04,2.24515989335512083e-03,1.69491525423728813e-02,-1.23422649527311001e-03,-1.73621471330018869e-03,-1.40921992712574160e-03,9.76222825673177621e-04,1.36629332849031934e-03,-6.56593851752391457e-05,-3.42025124965222079e-03,1.29227406740346816e-03,1.76514211932403560e-03,2.33693561746064148e-04,-1.24085951953188905e-03,2.41121207103354301e-03,-1.11484066347063582e-03,5.75494809453644157e-04,-2.22829873009947922e-03,-3.33046345023999988e-03
6.40125520278764151e-04,2.85340068558730640e-03,3.44098668067996426e-03,-2.46773568445456820e-04,-4.59379085278068498e-03,2.33063802591971635e-03,-2.98307416753750606e-03,-1.15349063068420307e-03,1.57676937895317808e-03,-2.36931630267064831e-03,2.63943765213452315e-03,4.01134525198029723e-03,5.49799906984692116e-04,-1.96801796199204057e-03,1.55031316091999065e-03,-1.88624078370774298e-03,-5.19728376907445665e-05,6.43587659063906293e-03,2.30167855165522523e-04,-1.29616980100398429e-03,1.77614610346682206e-03,-1.96881866098729073e-03,1.78361076171923254e-03,-1.23422649527311001e-03,1.69491525423728778e-02,1.57405390851862378e-03,-3.36327684485742242e-03,1.20930017627659918e-03,-1.50090079915363704e-03,1.70721348358147387e-03,1.01327175094753945e-03,-4.00735117389178479e-03,2.36953119678332078e-03,1.06550997238069232e-03,-4.70088079892128866e-03,-2.81581413547990706e-03,4.30228742857856773e-04,-3.31341093045317168e-03,2.06815185169007985e-03,2.07480727877117294e-03
-7.41316586691409432e-04,-2.21946376916291139e-03,-8.41182968862487523e-04,3.25109110668013717e-03,-3.40049527033961909e-03,-1.14789391201717455e-03,1.09972383326946898e-03,-5.17452292339727247e-04,3.15484372224564096e-03,7.29375687175924767e-04,-5.42876591170025013e-04,2.52122768739932519e-04,2.04687020097759752e-03,1.90104401140469875e-03,-3.50907300684585909e-03,-9.56242361912472590e-04,-6.32231558070448060e-04,6.27235844858329856e-04,-1.85299092955872508e-04,-1.92331469033401301e-03,1.98277711666856860e-04,-1.22650502049697751e-03,-8.65495638985625784e-04,-1.73621471330018869e-03,1.57405390851862378e-03,1.69491525423728778e-02,-1.03676772787196308e-03,-8.02720943912243004e-04,-3.12540875200230308e-04,1.52641247772306531e-03,-1.59637079672980643e-03,-4.21843500503542711e-05,9.50491027522740411e-04,-4.75064265818884827e-03,-2.41693188926825949e-03,1.35660535766860305e-04,-1.38970754787201317e-03,-1.34442254730812228e-03,-6.29871504157711076e-04,-4.12070976813316923e-03
-3.87467550948873219e-03,7.71575591928922745e-05,-4.33668269922348436e-03,2.98844260787150661e-03,4.70661179156226742e-03,-2.30357011031887471e-03,-2.35881577171331115e-04,2.62331236344838774e-03,4.43963779343040208e-04,1.54545533832967140e-03,7.92058089456316051e-04,-2.49783372245745375e-03,1.17061312183827106e-03,-1.50940890423489297e-03,3.52341631299500624e-04,-1.35304529423694014e-03,5.77803303530932699e-04,1.18608133523127803e-04,-2.60994705832044921e-03,-1.35626595530613319e-03,-2.48043318332927731e-03,-2.40537875639864262e-03,1.76892697732268365e-04,-1.40921992712574160e-03,-3.36327684485742242e-03,-1.03676772787196308e-03,1.69491525423728813e-02,3.76073224145372174e-03,8.04163232878585439e-04,-2.22605721866484571e-04,1.91078219256008027e-03,9.59653460827329403e-04,-1.25385563625342853e-03,-3.98512866600565091e-03,4.84509015653111341e-03,-1.53220106657316166e-03,-2.07983243011987092e-03,3.45734667568696171e-03,-2.06492032402986114e-03,3.27343427655545863e-04
-4.13556923077823633e-03,-2.44812304684292664e-03,-3.12372639939132541e-03,1.78908143005462547e-03,1.00156816824371929e-03,8.53427759667705179e-04,-3.97614092281689188e-03,1.05135319819997237e-03,-2.62253258815062663e-03,1.85144765225350033e-04,1.16350455820687340e-03,-2.65194788458818101e-04,1.42332366512639211e-03,-1.55625162052211593e-03,3.07683048676932842e-03,-2.51834158978806073e-03,3.83402015334076212e-04,1.40056138755125328e-03,1.90271643331687374e-03,-2.20755784206276058e-04,-1.05680025846030599e-03,-1.40337724797247169e-03,-8.68628508713458164e-04,9.76222825673177621e-04,1.20930017627659918e-03,-8.02720943912243004e-04,3.76073224145372174e-03,1.69491525423728744e-02,-1.57303762762152875e-03,7.77706262106979320e-04,1.05413887806270678e-03,2.11993167845437279e-03,2.66460692914154357e-03,-3.71291119517320935e-03,9.99151908340383801e-04,-2.21813546295088291e-03,-2.44661026103638055e-03,-2.83928147624354886e-03,3.47668125424873808e-04,9.93642912466290770e-04
-3.18245885795557203e-03,-1.07127756527120748e-03,-1.59710087023830888e-03,-1.40456329773699473e-03,5.41889615596359087e-04,1.22582974516182645e-03,4.77353251328534525e-03,-3.35292743289955378e-03,4.83071640168293819e-04,2.08791297691198656e-03,-2.61025733714294577e-04,-1.38171537330570335e-03,-9.23569872419500526e-04,2.46461231007180127e-03,-1.45108435709094259e-03,-1.05534489382704466e-03,-2.24097626020563828e-03,5.77185303656243295e-04,3.88380989746880717e-04,8.33105052289620008e-04,-9.10934978585879501e-04,2.26158627144842569e-03,1.21237230406166297e-03,1.36629332849031934e-03,-1.50090079915363704e-03,-3.12540875200230308e-04,8.04163232878585439e-04,-1.57303762762152875e-03,1.69491525423728848e-02,-2.25125664289624978e-03,-1.36722845191963849e-03,-2.97831956643767118e-03,1.39043728818972687e-03,4.31210583629361432e-04,1.58603052485633395e-03,-4.81546522523015918e-04,-3.51926146627302592e-03,-1.98402110222900985e-03,-1.43497123970173107e-03,1.63802069622835233e-03
-6.42778884052816403e-04,-3.87772756363266883e-03,1.61019565468721484e-03,5.84003319718957772e-03,1.62210095376994780e-03,7.87316800167195126e-04,-2.29675510426767104e-03,2.53089729589597509e-03,-9.53660448685864992e-04,-2.69181755292160910e-04,-5.36735014582611259e-04,4.85711132359874524e-04,2.97257561957792031e-04,-2.34594805866607291e-03,8.26799970658081821e-04,1.50082877508278637e-04,1.10672800782438520e-03,-2.03435999751661826e-03,1.77614156395094748e-04,3.00817091915250075e-03,2.65570688600929271e-03,-2.22892973282044684e-03,-1.12495032940075623e-03,-6.56593851752391457e-05,1.70721348358147387e-03,1.52641247772306531e-03,-2.22605721866484571e-04,7.77706262106979320e-04,-2.25125664289624978e-03,1.69491525423728848e-02,-1.16038088838388200e-03,2.80433998955552984e-03,1.53446314540675306e-04,-1.14018852211887102e-03,-4.29026670567498204e-03,-2.42709015567585396e-03,-5.24071066741914340e-05,1.04828413719016984e-03,2.66050783726005805e-03,-4.09632918635025956e-04
-7.62170876157319062e-04,1.97461108750560240e-03,-1.47774832072821653e-04,-4.27568402626678657e-04,1.30108823908098542e-03,1.02074243535150034e-03,-1.65958016138210979e-04,6.26157478350282794e-04,-3.90686282561952987e-03,-2.51073758950986917e-03,2.97937631379432835e-03,2.34275620171291339e-03,4.42251298704303755e-03,3.75824390072714660e-03,2.95076474013871619e-03,8.08901983877422350e-04,2.72441062647775251e-03,3.58890820093448653e-03,-1.45377438049870927e-03,2.91655811377041808e-03,-2.05860932060749572e-03,6.53796307564417510e-04,-9.78735881723688311e-04,-3.42025124965222079e-03,1.01327175094753945e-03,-1.59637079672980643e-03,1.91078219256008027e-03,1.05413887806270678e-03,-1.36722845191963849e-03,-1.16038088838388200e-03,1.69491525423728848e-02,1.41501653028831571e-04,-2.75236654429896182e-03,2.69588213211992885e-03,1.62787162091647094e-03,-6.07247490251499548e-04,4.64900056676343439e-04,-3.05243086833299846e-04,-9.60508283774030099e-04,-1.21210714316193047e-03
8.52602599001700610e-04,-1.68966299645919422e-03,2.71791089895237101e-04,6.00425237699804635e-04,1.74695896566910681e-03,-2.75034106797188843e-03,-4.03138842338205631e-03,-1.37286886877952940e-03,1.02395784454021536e-03,2.17569798321922856e-03,-2.36143368156917482e-03,-3.54843267429012007e-03,-2.41668591918592921e-03,5.87815796606089682e-04,-7.24124520123107921e-04,-2.74089859309311571e-04,-1.41485465746805537e-03,-4.03113185339070822e-03,6.25296201964202101e-04,2.95135741018858833e-03,4.83945385421214944e-03,2.64119061478675695e-03,5.34632518245236059e-04,1.29227406740346816e-03,-4.00735117389178479e-03,-4.21843500503542711e-05,9.59653460827329403e-04,2.11993167845437279e-03,-2.97831956643767118e-03,2.80433998955552984e-03,1.41501653028831571e-04,1.69491525423728813e-02,2.52821579848897015e-03,-1.45831718734523263e-03,1.33616897591175136e-03,8.19631535950303587e-04,-4.99102911201354868e-05,-4.16377707493342103e-03,1.95319820482459626e-03,-4.94309535640401242e-04
-4.08673088769596817e-03,-5.44446582279403294e-05,-4.08990898789116618e-03,-1.62086618239301703e-03,8.50593773655454986e-04,6.19788596677788147e-04,1.57203204957805163e-03,6.95530355220906594e-04,9.84632062217789122e-04,-3.55273751606389847e-03,-2.34130328974679186e-04,-1.16417076887075977e-03,-3.73055674142928721e-03,1.80108322186834182e-03,-1.10084453111101142e-03,-3.93119114622157012e-03,-7.40162072979629707e-06,1.12402742798400446e-03,2.15926683247286350e-04,5.08342394736573545e-03,2.53788127712648460e-03,6.12266474086680702e-04,2.71637364693720195e-03,1.76514211932403560e-03,2.36953119678332078e-03,9.50491027522740411e-04,-1.25385563625342853e-03,2.66460692914154357e-03,1.39043728818972687e-03,1.53446314540675306e-04,-2.75236654429896182e-03,2.52821579848897015e-03,1.69491525423728882e-02,-2.49176496873856933e-04,-1.10745303039159831e-03,-1.03809174891223962e-03,-1.12338132437042864e-03,-2.54851286002490867e-03,2.89912872893787225e-03,2.82033646745729477e-03
3.78539910289057892e-03,3.67814304349035458e-03,2.14927003151693273e-03,3.19552458351410719e-04,1.08696737027202017e-03,-8.72242695263103344e-04,2.56686305875070435e-03,3.85295935216823705e-04,-3.07787485082408824e-03,-1.77405117104161860e-03,1.77446916460223471e-03,3.52791464247731966e-03,2.47292293902925790e-04,2.71475183718757236e-03,2.30404324372547164e-03,-4.98272374633743531e-04,2.88771261024135632e-03,3.35818900381894682e-04,-2.02822792708026072e-03,1.84246942382912480e-03,-3.65794115925204303e-03,-2.79149476669166058e-06,-1.48950928873137797e-03,2.33693561746064148e-04,1.06550997238069232e-03,-4.75064265818884827e-03,-3.98512866600565091e-03,-3.71291119517320935e-03,4.31210583629361432e-04,-1.14018852211887102e-03,2.69588213211992885e-03,-1.45831718734523263e-03,-2.49176496873856933e-04,1.69491525423728882e-02,-9.82366461981657932e-04,5.65916093750093091e-05,2.53962446195018935e-03,-1.14665803726746326e-03,1.29472682571256468e-03,1.26531781173604737e-04
-2.15215709635892656e-04,6.24873518726701423e-04,-3.05159553075503567e-03,-3.44174338377242154e-03,4.10939167978902683e-04,3.35090264358070067e-03,2.81020452285054125e-03,-2.51581227711789035e-03,1.08904456828423646e-03,1.01033446536313637e-03,-1.24228070636924750e-03,-1.59173404083244791e-03,-2.18349592897305921e-03,1.51628310151591546e-03,9.38459791260676116e-04,1.26794935625094149e-03,8.10608428976351933e-04,6.14339938775099637e-04,-6.87667499655606916e-04,5.74322412862375941e-05,1.46903900845396073e-03,-1.75072172536921999e-03,2.21651772224893198e-03,-1.24085951953188905e-03,-4.70088079892128866e-03,-2.41693188926825949e-03,4.84509015653111341e-03,9.99151908340383801e-04,1.58603052485633395e-03,-4.29026670567498204e-03,1.62787162091647094e-03,1.33616897591175136e-03,-1.10745303039159831e-03,-9.82366461981657932e-04,1.69491525423728813e-02,-9.45476718041424820e-04,-1.22751037808177315e-03,-2.71749405989110768e-03,-6.88429193763243573e-04,9.12937856596372912e-05
4.33526203640234586e-03,1.16777996975750135e-04,4.98747805616857852e-03,-2.31669112535726760e-03,-2.60636684490957312e-04,7.75904532553841416e-04,-1.56532306443530125e-03,1.87048045054850551e-03,1.10746513526023809e-03,2.64914972661483205e-03,5.15566137469902937e-04,4.01713705206591110e-03,2.89270346708226777e-03,1.82881995480290783e-04,-4.11575744387557112e-03,-1.46233317219200101e-03,6.54789329790740637e-04,-1.13019506698774658e-03,1.00523367139359991e-03,-2.91254925715713885e-03,-3.87894962684493221e-04,2.81975720231370268e-03,6.91295812066106932e-04,2.41121207103354301e-03,-2.81581413547990706e-03,1.35660535766860305e-04,-1.53220106657316166e-03,-2.21813546295088291e-03,-4.81546522523015918e-04,-2.42709015567585396e-03,-6.07247490251499548e-04,8.19631535950303587e-04,-1.03809174891223962e-03,5.65916093750093091e-05,-9.45476718041424820e-04,1.69491525423728813e-02,-3.27380597311350673e-03,-1.20694358621591395e-03,1.30302315770053470e-04,-5.56363185347708575e-04
-1.17299636711908051e-03,2.00993425778412099e-03,1.24261307120049629e-03,2.62100809686672013e-03,1.29684724031781887e-03,-2.74133026602496306e-03,2.52777124717917237e-03,4.71118082778576662e-04,1.24684162022463689e-03,3.99601740198897589e-04,5.45027281450559918e-04,-5.43113323998355504e-04,-4.70421061044604388e-03,1.65964797089546167e-04,-6.59558628580506632e-04,-1.51898792478556916e-03,-1.22657070016292673e-03,-3.06735579176675298e-04,1.42872629490112539e-03,-3.12545754135438027e-04,6.33875934293108670e-05,-1.42038688407940229e-04,1.77957463698499179e-03,-1.11484066347063582e-03,4.30228742857856773e-04,-1.38970754787201317e-03,-2.07983243011987092e-03,-2.44661026103638055e-03,-3.51926146627302592e-03,-5.24071066741914340e-05,4.64900056676343439e-04,-4.99102911201354868e-05,-1.12338132437042864e-03,2.53962446195018935e-03,-1.22751037808177315e-03,-3.27380597311350673e-03,1.69491525423728778e-02,2.17499160863821560e-03,4.12333379393067107e-03,-2.43255449884493451e-03
-4.70832745860635341e-03,-1.94923303097773479e-03,-1.50973364311541409e-03,2.40396054831990610e-03,-8.96907788198749280e-04,-2.00085443790937482e-03,1.56441690787991416e-03,2.80033952610090264e-03,-3.17108018753953528e-03,1.69603844341169817e-03,-3.88651872153532221e-03,-3.23143612148492050e-03,-9.12024675282977967e-04,-3.04750170844183968e-03,-2.27314361711615639e-03,1.50355703506189369e-03,-3.27040001941048637e-03,-4.24644032586686971e-03,-3.76830618137937801e-03,-4.10927557635911301e-04,-2.62369106164345818e-03,-1.94890071623563064e-03,1.61794450251646145e-03,5.75494809453644157e-04,-3.31341093045317168e-03,-1.34442254730812228e-03,3.45734667568696171e-03,-2.83928147624354886e-03,-1.98402110222900985e-03,1.04828413719016984e-03,-3.05243086833299846e-04,-4.16377707493342103e-03,-2.54851286002490867e-03,-1.14665803726746326e-03,-2.71749405989110768e-03,-1.20694358621591395e-03,2.17499160863821560e-03,1.69491525423728778e-02,-2.13603086600926010e-03,-6.23793898696685953e-04
-1.91906169794398397e-03,3.28490128334644853e-03,1.75326556361610447e-03,-2.21786941341185111e-03,-2.00141860597038675e-03,-6.08023126006592817e-03,-1.97871926224014267e-03,-1.23393142663408718e-03,2.48363016453516210e-03,-1.73131308662888826e-03,1.93739478840259868e-03,2.59688371452442782e-03,-2.40072053386256945e-03,-5.31640300601588000e-04,4.70517693946881452e-03,1.85723847793001304e-03,3.35330108340158549e-03,5.23347687737027705e-03,-3.15177249198203124e-04,6.86947170714847458e-04,4.66060571917332328e-03,-2.25830473097906204e-03,1.77660242236486163e-04,-2.22829873009947922e-03,2.06815185169007985e-03,-6.29871504157711076e-04,-2.06492032402986114e-03,3.47668125424873808e-04,-1.43497123970173107e-03,2.66050783726005805e-03,-9.60508283774030099e-04,1.95319820482459626e-03,2.89912872893787225e-03,1.29472682571256468e-03,-6.88429193763243573e-04,1.30302315770053470e-04,4.12333379393067107e-03,-2.13603086600926010e-03,1.69491525423728778e-02,2.83421178325073174e-03
-8.70839943982677821e-04,1.64268802840532822e-03,4.42655166286849060e-04,-1.17261967365354849e-03,-5.13798322541230562e-03,-4.70968989158837407e-04,-3.27496128793431165e-03,-1.74838539486996927e-03,1.20942037165227108e-04,-1.49152457666283157e-03,2.34827828974292071e-03,-8.57723077146941952e-04,-2.39914988346684932e-03,-3.99753555991187465e-03,-2.97877585028527569e-04,3.42836471170750211e-03,1.16959449030436735e-03,3.52418315630139735e-03,-6.92162097172676120e-04,1.42105102978270169e-03,5.31666161510184910e-03,-7.76440873032798540e-06,-2.15652821916693764e-03,-3.33046345023999988e-03,2.07480727877117294e-03,-4.12070976813316923e-03,3.27343427655545863e-04,9.93642912466290770e-04,1.63802069622835233e-03,-4.09632918635025956e-04,-1.21210714316193047e-03,-4.94309535640401242e-04,2.82033646745729477e-03,1.26531781173604737e-04,9.12937856596372912e-05,-5.56363185347708575e-04,-2.43255449884493451e-03,-6.23793898696685953e-04,2.83421178325073174e-03,1.69491525423728709e-02
